Model	BS	jsma_theta10_gamma30	jsma_theta10_gamma70	jsma_theta30_gamma50	jsma_theta50_gamma50	fgsm_eps5	fgsm_eps10	fgsm_eps50	fgsm_eps100	fgsm_eps250	fgsm_eps300	bim_ord2_nbIter100_eps100	bim_ord2_nbIter100_eps250	bim_ord2_nbIter100_eps500	bim_ord2_nbIter100_eps1000	bim_ordinf_nbIter100_eps5	bim_ordinf_nbIter100_eps10	bim_ordinf_nbIter100_eps50	bim_ordinf_nbIter100_eps100	bim_ordinf_nbIter100_eps250	bim_ordinf_nbIter100_eps500
clean	0.9901	0.9357	0.9133	0.0206	0.0009	0.9895	0.985	0.851	0.5084	0.1143	0.0888	0.9869	0.952	0.6876	0.0137	0.9885	0.9802	0.2928	0.008	0.0079	0.0079
affine_both_compress	0.9914	0.9901	0.9887	0.9233	0.8404	0.9913	0.9909	0.984	0.9588	0.4155	0.2862	0.9905	0.99	0.9874	0.9743	0.9912	0.9909	0.986	0.9582	0.4357	0.0815
affine_both_stretch	0.9896	0.9875	0.9864	0.9072	0.7715	0.9888	0.9884	0.9848	0.9623	0.448	0.3056	0.9887	0.9877	0.9845	0.9679	0.989	0.9885	0.9837	0.9539	0.5099	0.1085
affine_horizontal_compress	0.9902	0.984	0.9801	0.8884	0.8602	0.9896	0.9887	0.9699	0.7962	0.1968	0.1606	0.9886	0.9865	0.9814	0.9293	0.9892	0.9887	0.9746	0.8604	0.2254	0.0971
affine_horizontal_stretch	0.9905	0.9888	0.9875	0.965	0.8909	0.9902	0.9902	0.982	0.9463	0.5226	0.3687	0.9897	0.9886	0.983	0.9552	0.9901	0.99	0.9797	0.9303	0.3886	0.0838
affine_vertical_compress	0.99	0.9884	0.9875	0.9552	0.8886	0.9901	0.9898	0.9824	0.9357	0.3646	0.2562	0.99	0.9889	0.9855	0.9694	0.99	0.9897	0.9827	0.9421	0.3661	0.0921
affine_vertical_stretch	0.9885	0.9865	0.9863	0.9115	0.7315	0.9884	0.988	0.9813	0.9272	0.2437	0.1616	0.9882	0.987	0.9825	0.9568	0.9883	0.9881	0.9778	0.9249	0.3361	0.0811
both_flip	0.9921	0.9905	0.99	0.9447	0.8412	0.992	0.992	0.9837	0.9346	0.3203	0.2172	0.9923	0.9911	0.9869	0.9627	0.9921	0.9918	0.9836	0.9302	0.3613	0.0831
cartoon_gaussian_type1	0.9867	0.9635	0.9662	0.7651	0.8477	0.4028	0.3761	0.2642	0.241	0.2045	0.187	0.9407	0.6449	0.4451	0.3255	0.5134	0.4251	0.3255	0.2159	0.1778	0.1054
cartoon_gaussian_type2	0.9857	0.9616	0.9529	0.822	0.8226	0.362	0.3322	0.2115	0.1892	0.1483	0.138	0.8837	0.5755	0.3704	0.227	0.4207	0.3474	0.2299	0.1569	0.1186	0.1221
cartoon_gaussian_type3	0.9891	0.9711	0.9534	0.7975	0.8501	0.4081	0.3782	0.2604	0.2372	0.1865	0.1792	0.8995	0.6478	0.4424	0.3224	0.525	0.4149	0.2931	0.1915	0.1594	0.1011
cartoon_gaussian_type4	0.9875	0.9262	0.9596	0.8111	0.8391	0.4404	0.4062	0.2726	0.246	0.2009	0.1846	0.9233	0.6628	0.4479	0.3047	0.5163	0.4348	0.3055	0.1968	0.1464	0.1128
cartoon_mean_type1	0.9868	0.9733	0.9682	0.8056	0.8576	0.4459	0.4121	0.2786	0.255	0.1974	0.1723	0.9131	0.6776	0.4804	0.3494	0.584	0.4782	0.3128	0.204	0.1576	0.1116
cartoon_mean_type2	0.985	0.9588	0.9404	0.8128	0.8163	0.3319	0.3039	0.2031	0.1792	0.1462	0.1363	0.8739	0.5411	0.3452	0.2285	0.4	0.3445	0.2386	0.1632	0.1129	0.1182
cartoon_mean_type3	0.9868	0.9769	0.9778	0.794	0.8395	0.3992	0.371	0.2513	0.2325	0.179	0.1643	0.8991	0.64	0.4469	0.3218	0.5209	0.4191	0.2881	0.1848	0.1495	0.1014
cartoon_mean_type4	0.9878	0.9822	0.9835	0.8572	0.8568	0.3198	0.2893	0.1841	0.1724	0.1477	0.1313	0.931	0.6628	0.4212	0.2744	0.5088	0.3727	0.2604	0.161	0.1233	0.0975
closing	0.9919	0.9895	0.9892	0.9613	0.8177	0.9919	0.9914	0.9863	0.963	0.4354	0.3003	0.9918	0.991	0.9877	0.9808	0.9919	0.9917	0.9854	0.9669	0.6303	0.1382
compress_jpeg_quality_10	0.9908	0.987	0.9631	0.9458	0.9039	0.991	0.9907	0.9891	0.9796	0.6288	0.4218	0.9913	0.9909	0.9897	0.9865	0.9913	0.9906	0.9881	0.9832	0.7194	0.13
compress_jpeg_quality_30	0.9756	0.1453	0.1118	0.2015	0.3522	0.1178	0.1174	0.1159	0.1126	0.1027	0.1034	0.1757	0.1292	0.1083	0.0895	0.1299	0.1117	0.1016	0.0758	0.0635	0.0556
compress_jpeg_quality_50	0.9775	0.1922	0.1482	0.2914	0.4914	0.1671	0.167	0.1606	0.1535	0.1407	0.1405	0.1538	0.1449	0.136	0.1262	0.1682	0.1581	0.1464	0.1172	0.0975	0.0863
compress_jpeg_quality_80	0.4634	0.0925	0.0941	0.104	0.1231	0.0972	0.0962	0.0946	0.094	0.0918	0.0916	0.089	0.0908	0.0898	0.0845	0.0943	0.0894	0.0882	0.0704	0.0498	0.0482
compress_png_compression_1	0.1135	0.1135	0.1135	0.1135	0.1135	0.1135	0.1177	0.1186	0.1184	0.1169	0.115	0.0889	0.1023	0.1074	0.109	0.1135	0.1168	0.1188	0.119	0.1152	0.1054
compress_png_compression_5	0.1135	0.1135	0.1135	0.1135	0.1135	0.1135	0.1135	0.1135	0.1135	0.1135	0.1135	0.1054	0.1124	0.1114	0.1127	0.1135	0.1135	0.1135	0.1135	0.108	0.102
compress_png_compression_8	0.1135	0.1135	0.1135	0.1135	0.1135	0.1135	0.1135	0.1135	0.1135	0.1135	0.1135	0.1093	0.1127	0.1132	0.1135	0.1135	0.1135	0.1135	0.1135	0.1199	0.1183
dilation	0.6902	0.5755	0.529	0.3272	0.2516	0.6863	0.6792	0.6107	0.46	0.1737	0.1458	0.6779	0.6574	0.62	0.5414	0.6835	0.6778	0.5995	0.4803	0.2113	0.1201
distortion_x	0.9231	0.7453	0.7375	0.4248	0.3842	0.9228	0.9196	0.8304	0.6136	0.2337	0.1921	0.9182	0.9079	0.878	0.7689	0.9231	0.9168	0.8196	0.6086	0.2234	0.0844
distortion_y	0.9493	0.8434	0.8267	0.5708	0.5242	0.9508	0.9497	0.8684	0.6916	0.2826	0.2189	0.9485	0.938	0.8946	0.7778	0.9508	0.949	0.8571	0.6737	0.261	0.1129
erosion	0.9682	0.7807	0.6574	0.7233	0.8138	0.9516	0.9199	0.5916	0.3402	0.1593	0.1479	0.9406	0.8507	0.6386	0.3298	0.9524	0.9223	0.5969	0.3248	0.1312	0.1025
gaussian_filter	0.9133	0.8664	0.8453	0.7603	0.7409	0.9097	0.9069	0.8775	0.82	0.5709	0.4811	0.9084	0.9019	0.8924	0.8659	0.9098	0.9056	0.8832	0.8329	0.5469	0.158
gradient	0.6358	0.3466	0.3979	0.1371	0.1234	0.6024	0.5679	0.2807	0.1075	0.0974	0.0974	0.5793	0.486	0.3408	0.1922	0.6015	0.5685	0.2647	0.1106	0.0974	0.0974
horizontal_flip	0.8657	0.6875	0.655	0.3814	0.3738	0.8635	0.8595	0.7482	0.54	0.2078	0.165	0.8569	0.8374	0.783	0.6495	0.8611	0.8558	0.7355	0.5268	0.1881	0.0718
maximum_filter	0.9419	0.9037	0.9145	0.7489	0.6149	0.9407	0.9383	0.9209	0.8749	0.6143	0.5356	0.9396	0.9355	0.9255	0.9048	0.9407	0.9386	0.9221	0.8851	0.682	0.3757
median_filter	0.9323	0.7706	0.7479	0.602	0.6681	0.9276	0.92	0.761	0.5661	0.24	0.1985	0.9278	0.9183	0.8937	0.8207	0.9267	0.9187	0.7828	0.603	0.2387	0.0897
minimum_filter	0.8956	0.7762	0.623	0.7732	0.825	0.795	0.6831	0.3495	0.236	0.1374	0.1265	0.7333	0.5128	0.3662	0.2355	0.792	0.6793	0.3661	0.2399	0.1326	0.1068
noise_gaussian	0.9735	0.1084	0.1007	0.1546	0.286	0.1285	0.1281	0.1262	0.1216	0.1135	0.1124	0.1153	0.114	0.1075	0.0948	0.127	0.1154	0.1072	0.0855	0.069	0.0586
noise_localvar	0.9801	0.132	0.1071	0.2446	0.4585	0.1463	0.1447	0.1425	0.1314	0.1237	0.122	0.1313	0.1233	0.1133	0.1015	0.1411	0.1293	0.1246	0.0977	0.0701	0.0621
noise_pepper	0.9615	0.1624	0.126	0.2257	0.3628	0.1544	0.1618	0.1538	0.1509	0.1419	0.1356	0.1424	0.1416	0.1331	0.1205	0.1524	0.1451	0.1264	0.1101	0.0875	0.0759
noise_salt	0.9804	0.182	0.1246	0.4751	0.7845	0.347	0.3518	0.3411	0.334	0.3271	0.3162	0.2991	0.2947	0.2904	0.2684	0.3096	0.2954	0.3327	0.2627	0.1943	0.1688
noise_speckle	0.9771	0.1312	0.1174	0.2181	0.4008	0.1006	0.1001	0.0973	0.0959	0.0946	0.0931	0.0976	0.0956	0.0899	0.0834	0.0987	0.0931	0.0915	0.086	0.0741	0.0697
noise_s&p	0.9777	0.1925	0.1367	0.4095	0.7078	0.3822	0.3809	0.3707	0.3568	0.3368	0.3301	0.3069	0.2885	0.2796	0.2488	0.3137	0.2885	0.313	0.2433	0.1609	0.1382
opening	0.7896	0.4925	0.4291	0.4847	0.5541	0.8239	0.8339	0.7258	0.5677	0.3922	0.3616	0.7884	0.73	0.6322	0.4543	0.8118	0.8104	0.7167	0.4731	0.2283	0.1356
quant_4_clusters	0.9767	0.1322	0.1056	0.2392	0.4614	0.1089	0.1083	0.1073	0.1052	0.1041	0.104	0.1067	0.1048	0.1033	0.1013	0.1152	0.1102	0.112	0.1023	0.096	0.0969
rank_filter	0.9367	0.8233	0.8397	0.6454	0.641	0.9365	0.9339	0.8144	0.5929	0.237	0.1799	0.9344	0.9307	0.9176	0.8791	0.9365	0.9333	0.8368	0.6811	0.3039	0.1139
rotate180	0.9052	0.6573	0.6162	0.344	0.3205	0.9039	0.9013	0.768	0.5213	0.1891	0.1652	0.8988	0.8838	0.8309	0.6854	0.9048	0.9008	0.7803	0.5527	0.1955	0.0849
rotate270	0.8883	0.756	0.7064	0.3952	0.345	0.9012	0.9084	0.8396	0.6015	0.2052	0.1704	0.8967	0.9003	0.8731	0.7453	0.8993	0.9043	0.8381	0.6085	0.2016	0.0951
rotate90	0.8898	0.7139	0.67	0.4252	0.403	0.8877	0.884	0.7869	0.6153	0.272	0.2203	0.8792	0.8574	0.8088	0.693	0.8857	0.8805	0.7797	0.5982	0.2219	0.0763
shift_bottom_left	0.7582	0.4708	0.4297	0.2535	0.2427	0.7556	0.751	0.6234	0.4644	0.2271	0.1986	0.7432	0.7075	0.6447	0.5266	0.7526	0.7441	0.6216	0.4567	0.2121	0.0883
shift_bottom_right	0.9235	0.7499	0.6583	0.4287	0.3636	0.9158	0.9085	0.7975	0.6239	0.3081	0.2608	0.9111	0.8884	0.835	0.6883	0.9145	0.9063	0.7924	0.6024	0.2727	0.1118
shift_down	0.8175	0.5589	0.5098	0.2341	0.2055	0.8115	0.803	0.6808	0.4794	0.2314	0.2003	0.8055	0.7789	0.7161	0.5699	0.8104	0.8017	0.6916	0.4882	0.2054	0.0865
shift_left	0.8618	0.5584	0.5155	0.2501	0.2375	0.8606	0.8525	0.6833	0.4283	0.1733	0.1527	0.8466	0.8117	0.7227	0.5582	0.8585	0.8487	0.6715	0.4322	0.1685	0.0899
shift_right	0.7824	0.5521	0.521	0.3125	0.2754	0.7771	0.7695	0.6236	0.4449	0.1343	0.1184	0.7665	0.7289	0.6445	0.5187	0.7757	0.7638	0.6167	0.4436	0.1607	0.0868
shift_top_left	0.8969	0.4697	0.411	0.1874	0.2016	0.8937	0.8837	0.6703	0.39	0.148	0.1336	0.8874	0.8567	0.7713	0.585	0.8923	0.8815	0.6655	0.3991	0.1551	0.0893
shift_top_right	0.9214	0.7966	0.7887	0.5378	0.491	0.9219	0.9186	0.8126	0.5717	0.2155	0.1768	0.918	0.9034	0.8527	0.7275	0.9205	0.9162	0.8035	0.5907	0.2334	0.0933
shift_up	0.8571	0.6192	0.5659	0.244	0.2278	0.8508	0.8437	0.7402	0.5368	0.1919	0.1598	0.8453	0.8209	0.7711	0.6491	0.8503	0.8417	0.7301	0.5159	0.1734	0.0609
vertical_flip	0.8999	0.7601	0.7352	0.4046	0.3688	0.8954	0.8896	0.7863	0.5351	0.1981	0.1575	0.8898	0.8708	0.8247	0.6813	0.895	0.8883	0.781	0.5383	0.1612	0.0483
